0.002	0.592283466
0.002166667	0.584894897
0.002333333	0.564023355
0.0025	0.587399453
0.002666667	0.577055585
0.002833333	0.586917315
0.003	0.556962078
0.003166667	0.563598228
0.003333333	0.574225002
0.0035	0.55244358
0.003666667	0.539538352
0.003833333	0.548266503
0.004	0.534602323
0.004166667	0.525908232
0.004333333	0.519535846
0.0045	0.513897532
0.004666667	0.522453809
0.004833333	0.500971867
0.005	0.523656338
0.005166667	0.501967791
0.005333333	0.494822619
0.0055	0.492947112
0.005666667	0.475725111
0.005833333	0.463241787
0.006	0.486181092
0.006166667	0.46859664
0.006333333	0.478479892
0.0065	0.44595679
0.006666667	0.443880159
0.006833333	0.444838774
0.007	0.448808997
0.007166667	0.455492599
0.007333333	0.442586175
0.0075	0.433373401
0.007666667	0.441456134
0.007833333	0.449336034
0.008	0.428133198
0.008166667	0.410340618
0.008333333	0.403696572
0.0085	0.409347194
0.008666667	0.393590384
0.008833333	0.393937955
0.009	0.401208482
0.009166667	0.383829131
0.009333333	0.38453948
0.0095	0.379649448
0.009666667	0.387765722
0.009833333	0.362887222
0.01	0.377499856
0.010166667	0.373552673
0.010333333	0.344663111
0.0105	0.379009383
0.010666667	0.356064888
0.010833333	0.362750463
0.011	0.334829331
0.011166667	0.337375351
0.011333333	0.334891598
0.0115	0.34255672
0.011666667	0.322625078
0.011833333	0.329745159
0.012	0.310719406
0.012166667	0.327543194
0.012333333	0.326386697
0.0125	0.310151227
0.012666667	0.305575828
0.012833333	0.316248937
0.013	0.30868549
0.013166667	0.308661868
0.013333333	0.308076271
0.0135	0.304485365
0.013666667	0.288464727
0.013833333	0.300930367
0.014	0.291862533
0.014166667	0.299165606
0.014333333	0.288002753
0.0145	0.283207842
0.014666667	0.286395504
0.014833333	0.280618852
0.015	0.278249655
0.015166667	0.269073973
0.015333333	0.27624933
0.0155	0.261235438
0.015666667	0.275798173
0.015833333	0.261398323
0.016	0.251190976
0.016166667	0.249927767
0.016333333	0.248763853
0.0165	0.250171137
0.016666667	0.248537651
0.016833333	0.234881489
0.017	0.239877396
0.017166667	0.247023489
0.017333333	0.224213183
0.0175	0.233199627
0.017666667	0.236259403
0.017833333	0.229495673
0.018	0.215776866
0.018166667	0.212051125
0.018333333	0.216771048
0.0185	0.214044366
0.018666667	0.221831258
0.018833333	0.201085651
0.019	0.197489437
0.019166667	0.214235643
0.019333333	0.195982108
0.0195	0.197124502
0.019666667	0.205366317
0.019833333	0.189800043
0.02	0.186131968
0.020166667	0.178027064
0.020333333	0.192748341
0.0205	0.186694882
0.020666667	0.186799867
0.020833333	0.176811715
0.021	0.179449864
0.021166667	0.166667307
0.021333333	0.164804936
0.0215	0.174620113
0.021666667	0.168700795
0.021833333	0.157678
0.022	0.159547836
0.022166667	0.169781073
0.022333333	0.15635006
0.0225	0.158607171
0.022666667	0.160962875
0.022833333	0.174140664
0.023	0.146596901
0.023166667	0.135173495
0.023333333	0.149592026
0.0235	0.155863512
0.023666667	0.144904515
0.023833333	0.143009227
0.024	0.147768727
0.024166667	0.137062227
0.024333333	0.130748075
0.0245	0.144562704
0.024666667	0.129939963
0.024833333	0.128799032
0.025	0.121101439
0.025166667	0.131569455
0.025333333	0.120656172
0.0255	0.132207622
0.025666667	0.128395645
0.025833333	0.125823108
0.026	0.113553821
0.026166667	0.114486212
0.026333333	0.116772649
0.0265	0.115655649
0.026666667	0.112212256
0.026833333	0.113263384
0.027	0.108383984
0.027166667	0.092701777
0.027333333	0.100610453
0.0275	0.100002251
0.027666667	0.101152699
0.027833333	0.091987561
0.028	0.088573108
0.028166667	0.072594754
0.028333333	0.077899472
0.0285	0.078974264
0.028666667	0.072004409
0.028833333	0.077811651
0.029	0.081301348
0.029166667	0.086602737
0.029333333	0.078835674
0.0295	0.074687387
0.029666667	0.070598832
0.029833333	0.071168221
0.03	0.068255401
0.030166667	0.070274766
0.030333333	0.071695396
0.0305	0.071361283
0.030666667	0.072009802
0.030833333	0.065833772
0.031	0.068710684
0.031166667	0.061440008
0.031333333	0.059636467
0.0315	0.060887552
0.031666667	0.059648811
0.031833333	0.051621702
0.032	0.064824629
0.032166667	0.060909599
0.032333333	0.050954927
0.0325	0.044360271
0.032666667	0.058074707
0.032833333	0.049823746
0.033	0.053275129
0.033166667	0.053895568
0.033333333	0.059857154
0.0335	0.046573848
0.033666667	0.049128528
0.033833333	0.05543227
0.034	0.046551026
0.034166667	0.04751612
0.034333333	0.047241758
0.0345	0.040637766
0.034666667	0.047435203
0.034833333	0.047612309
0.035	0.043168606
0.035166667	0.03804664
0.035333333	0.032397318
0.0355	0.039830642
0.035666667	0.04484269
0.035833333	0.039304811
0.036	0.041029133
0.036166667	0.038902805
0.036333333	0.040528331
0.0365	0.032997782
0.036666667	0.037752897
0.036833333	0.034602632
0.037	0.035905986
0.037166667	0.026626449
0.037333333	0.0333858
0.0375	0.027767187
0.037666667	0.029219043
0.037833333	0.026417627
0.038	0.035112043
0.038166667	0.025021709
0.038333333	0.027138599
0.0385	0.025098201
0.038666667	0.020609162
0.038833333	0.03005746
0.039	0.027067896
0.039166667	0.029210454
0.039333333	0.023614213
0.0395	0.030085044
0.039666667	0.030221597
0.039833333	0.028182424
0.04	0.021849981
0.040166667	0.024464656
0.040333333	0.022122489
0.0405	0.017637495
0.040666667	0.018421676
0.040833333	0.018203166
0.041	0.02210725
0.041166667	0.018656661
0.041333333	0.017388129
0.0415	0.011313636
0.041666667	0.021019273
0.041833333	0.018728786
0.042	0.020263977
0.042166667	0.020526914
0.042333333	0.018348283
0.0425	0.012778497
0.042666667	0.011888192
0.042833333	0.013002407
0.043	0.013248525
0.043166667	0.011158794
0.043333333	0.014707979
0.0435	0.01775603
0.043666667	0.014565512
0.043833333	0.009116524
0.044	0.010327918
0.044166667	0.011874284
0.044333333	0.012143619
0.0445	0.015143564
0.044666667	0.008162252
0.044833333	0.010378564
0.045	0.006492658
0.045166667	0.019318061
0.045333333	0.009067855
0.0455	0.014426341
0.045666667	0.013530578
0.045833333	0.012604187
0.046	0.008833364
0.046166667	0.005385837
0.046333333	0.006387779
0.0465	0.002678301
0.046666667	0.009426818
0.046833333	0.003880692
0.047	0.007197422
0.047166667	0.008455816
0.047333333	0.006780422
0.0475	0.005224734
0.047666667	0.003120362
0.047833333	0.007650208
0.048	0.006635678
0.048166667	0.008349026
0.048333333	0.006216759
0.0485	0.004331506
0.048666667	0.003635605
0.048833333	0.006098416
0.049	0.00350715
0.049166667	0.010274693
0.049333333	0.005097917
0.0495	0.002020703
0.049666667	0.002899548
0.049833333	0.002797476
0.05	0.001368408
0.050166667	-0.003611896
0.050333333	-0.002104578
0.0505	0.002404452
0.050666667	0.002437992
0.050833333	0.003788119
0.051	0.000344896
0.051166667	0.005532844
0.051333333	0.003375942
0.0515	-0.00102436
0.051666667	-0.000926082
0.051833333	0.002493909
0.052	0.000792642
0.052166667	-0.000171949
0.052333333	-0.004000629
0.0525	0.00484174
0.052666667	0.003095022
0.052833333	-0.00398502
0.053	-0.004287816
0.053166667	0.001781242
0.053333333	-0.004888925
0.0535	-0.004601173
0.053666667	0.005042423
0.053833333	-0.003396556
0.054	-0.000619207
0.054166667	0.003958565
0.054333333	-0.001102014
0.0545	0.002442472
0.054666667	-0.000520809
0.054833333	0.000205323
0.055	0.002515667
0.055166667	-0.002178214
0.055333333	-0.000792262
0.0555	-0.003078813
0.055666667	-0.001816875
0.055833333	0.003949868
0.056	-0.000721711
0.056166667	-0.000895585
0.056333333	-0.001357466
0.0565	-0.003233425
0.056666667	-0.004866551
0.056833333	-0.00401664
0.057	-0.003829233
0.057166667	0.001522269
0.057333333	-0.00190656
0.0575	-0.00439196
0.057666667	-0.003162371
0.057833333	-0.000332695
0.058	-0.005303434
0.058166667	-0.003800399
0.058333333	-0.008597979
0.0585	-0.003979005
0.058666667	-0.004236476
0.058833333	-0.004028178
0.059	-0.004655013
0.059166667	-0.004366391
0.059333333	-0.007078725
0.0595	-0.00494615
0.059666667	-0.004559859
0.059833333	0.001406642
0.06	-0.00453851
0.060166667	-0.004988373
0.060333333	-0.005850918
0.0605	-0.005121071
0.060666667	-0.004460784
0.060833333	-0.001607065
0.061	-0.007414188
0.061166667	0.000291288
0.061333333	-0.001940229
0.0615	-0.004731016
0.061666667	-0.006776963
0.061833333	-0.006172512
0.062	-0.005140485
0.062166667	-0.007930994
0.062333333	-0.006566007
0.0625	-0.004065499
0.062666667	-0.004046949
0.062833333	-0.000957684
0.063	0.000162035
0.063166667	-0.006162639
0.063333333	-0.009656508
0.0635	-0.004502605
0.063666667	-0.003952753
0.063833333	-0.007303024
0.064	-0.007251955
0.064166667	-0.014164545
0.064333333	-0.002916252
0.0645	-0.001656586
0.064666667	0.000978302
0.064833333	-0.010817751
0.065	-0.002676376
0.065166667	-0.005470285
0.065333333	-0.000917896
0.0655	-0.004461106
0.065666667	-0.007076127
0.065833333	-0.009212315
0.066	-0.005045177
0.066166667	-0.000364526
0.066333333	-0.004474713
0.0665	-0.002368212
0.066666667	-0.004053515
0.066833333	-0.005468564
0.067	-0.00456899
0.067166667	-0.008199816
0.067333333	-0.004553599
0.0675	-0.001158313
0.067666667	-0.006856921
0.067833333	0.001599475
0.068	-0.001819934
0.068166667	-0.000969276
0.068333333	-0.001248001
0.0685	-0.003859872
0.068666667	0.001430812
0.068833333	-0.001711043
0.069	-0.004628585
0.069166667	-0.000588258
0.069333333	-0.003773855
0.0695	-0.004190647
0.069666667	-0.005673001
0.069833333	-0.001024499
0.07	-0.002644908
0.070166667	-0.003109524
0.070333333	-0.00621495
0.0705	-0.005414438
0.070666667	-0.008848123
0.070833333	-0.002680567
0.071	-0.006072103
0.071166667	-0.005644781
0.071333333	-0.006956081
0.0715	0.000412511
0.071666667	-0.003705227
0.071833333	-0.006056198
0.072	-0.004686571
0.072166667	0.001077685
0.072333333	-0.004522494
0.0725	-0.005676255
0.072666667	-0.006586611
0.072833333	-0.003041137
0.073	-0.006814172
0.073166667	-0.012054534
0.073333333	-0.001832097
0.0735	-0.000684146
0.073666667	-0.001675804
0.073833333	-2.47455E-05
0.074	-0.005849057
0.074166667	-0.004777278
0.074333333	-0.002085724
0.0745	-0.001234849
0.074666667	-0.00272117
0.074833333	-0.008274667
0.075	-0.00537356
0.075166667	-0.0036413
0.075333333	-0.001248735
0.0755	-0.005976982
0.075666667	-0.002598787
0.075833333	-0.003948202
0.076	-0.001904746
0.076166667	-0.00333135
0.076333333	0.002645423
0.0765	-0.002999532
0.076666667	-0.003541715
0.076833333	0.001600495
0.077	-0.002565809
0.077166667	-0.003541919
0.077333333	-0.007711367
0.0775	0.000257575
0.077666667	0.003530158
0.077833333	-0.00249756
0.078	0.001504319
0.078166667	-0.00359913
0.078333333	-0.002545646
0.0785	-0.000934084
0.078666667	-0.004753489
0.078833333	-0.002685405
0.079	-0.001558091
0.079166667	-0.002581554
0.079333333	-0.002628927
0.0795	-0.002049128
0.079666667	-0.005525791
0.079833333	-0.002774486
0.08	0.001448183
0.080166667	-0.000248699
0.080333333	-0.002577497
0.0805	0.000945342
0.080666667	-0.00091801
0.080833333	-0.004307892
0.081	-0.002109449
0.081166667	0.001987088
0.081333333	0.001195818
0.0815	-0.001544533
0.081666667	-0.00362565
0.081833333	0.002117824
0.082	-0.006283766
0.082166667	-0.001191898
0.082333333	-0.004295264
0.0825	-0.00556614
0.082666667	-0.001805124
0.082833333	-0.000170776
0.083	-0.002388491
0.083166667	0.00218403
0.083333333	0.000360483
0.0835	-0.001422186
0.083666667	-0.00280039
0.083833333	-0.001517268
0.084	0.002126985
0.084166667	0.003278077
0.084333333	-0.000866107
0.0845	-0.002839293
0.084666667	0.00059154
0.084833333	-0.006412233
0.085	0.003071909
0.085166667	0.003440409
0.085333333	0.002242954
0.0855	0.002172403
0.085666667	-0.003150878
0.085833333	-0.001406762
0.086	0.000976893
0.086166667	-0.000612116
0.086333333	0.00662346
0.0865	-0.000408773
0.086666667	-0.000401838
0.086833333	0.000555954
0.087	-0.000924506
0.087166667	0.002485801
0.087333333	-0.003011455
0.0875	0.005724093
0.087666667	-0.003558541
0.087833333	0.001913452
0.088	0.002905936
0.088166667	-0.006127059
0.088333333	-0.000766367
0.0885	-0.00258468
0.088666667	0.002620427
0.088833333	0.001893578
0.089	0.002584051
0.089166667	-0.000387146
0.089333333	-0.002877279
0.0895	-0.006330035
0.089666667	-0.003294498
0.089833333	-0.001390211
0.09	-0.003110698
0.090166667	-0.004081805
0.090333333	-0.000783843
0.0905	0.002503794
0.090666667	-0.001246923
0.090833333	0.002508936
0.091	-0.00088524
0.091166667	0.002291992
0.091333333	0.000453129
0.0915	-0.003385261
0.091666667	-0.002351789
0.091833333	-0.001810697
0.092	0.00400504
0.092166667	0.00307776
0.092333333	-0.000163708
0.0925	0.006101085
0.092666667	0.00351436
0.092833333	0.000191507
0.093	-0.001352591
0.093166667	-0.000190478
0.093333333	0.000447442
0.0935	0.001121156
0.093666667	-0.002255986
0.093833333	0.002136323
0.094	-0.000325403
0.094166667	0.004496313
0.094333333	0.000847816
0.0945	0.006106331
0.094666667	0.002097552
0.094833333	-1.72277E-05
0.095	-0.001777559
0.095166667	0.002186276
0.095333333	-0.003679221
0.0955	8.88465E-06
0.095666667	0.00159757
0.095833333	-0.001210781
0.096	-0.001158313
0.096166667	-0.002630579
0.096333333	-0.002668491
0.0965	0.000324545
0.096666667	0.00253902
0.096833333	-0.000182154
0.097	-0.000579177
0.097166667	0.001031101
0.097333333	0.001128098
0.0975	-0.002221463
0.097666667	-0.001401821
0.097833333	-0.00315236
0.098	-0.002850428
0.098166667	-0.000990914
0.098333333	0.004440245
0.0985	0.001639372
0.098666667	-0.005492644
0.098833333	0.001072619
0.099	-0.000740546
0.099166667	0.008289682
0.099333333	-0.002084104
0.0995	-0.002232202
0.099666667	-0.001417861
0.099833333	0.002096755
0.1	-0.001834498
0.100166667	0.000224871
0.100333333	-0.00331953
0.1005	-0.000497711
0.100666667	0.000276513
0.100833333	0.004515488
0.101	-0.002076858
0.101166667	0.000640991
0.101333333	0.002265286
0.1015	0.001230267
0.101666667	0.000387352
0.101833333	-0.000597588
0.102	-0.001406391
0.102166667	8.85879E-06
0.102333333	-0.00278733
0.1025	-0.001006151
0.102666667	0.000599711
0.102833333	0.001757686
0.103	0.001487812
0.103166667	0.001610229
0.103333333	0.002768328
0.1035	-0.001576065
0.103666667	-0.004350553
0.103833333	0.000822443
0.104	-2.36485E-05
0.104166667	-0.006403339
0.104333333	0.001239468
0.1045	0.002603931
0.104666667	-0.000255956
0.104833333	-0.00138655
0.105	0.004822222
0.105166667	-0.001880566
0.105333333	-0.003016151
0.1055	0.002175868
0.105666667	-0.001513717
0.105833333	0.000753045
0.106	0.001846636
0.106166667	0.004390959
0.106333333	0.001854868
0.1065	0.00300229
0.106666667	0.003829057
0.106833333	0.000757328
0.107	0.000557893
0.107166667	-0.001795865
0.107333333	-0.00169147
0.1075	-0.001412239
0.107666667	0.000550502
0.107833333	0.00113874
0.108	0.003826142
0.108166667	-0.002813236
0.108333333	-0.00169178
0.1085	0.002546382
0.108666667	-0.001803048
0.108833333	-0.000427417
0.109	-0.001891286
0.109166667	-0.005066438
0.109333333	0.004074835
0.1095	0.000298611
0.109666667	0.005536105
0.109833333	-0.002774486
0.11	-0.001476936
0.110166667	0.000811433
0.110333333	-0.004209206
0.1105	0.001943956
0.110666667	0.000962955
0.110833333	-0.000721937
0.111	-0.003521594
0.111166667	0.000133641
0.111333333	-0.000260249
0.1115	0.004117185
0.111666667	0.000475348
0.111833333	0.002553481
0.112	0.003182785
0.112166667	0.001465753
0.112333333	0.00193824
0.1125	-0.004697752
0.112666667	-0.00288674
0.112833333	0.00122277
0.113	0.000871332
0.113166667	0.005560879
0.113333333	-0.003239917
0.1135	-6.36879E-05
0.113666667	0.00100415
0.113833333	-0.000616577
0.114	-0.00196173
0.114166667	-0.004646501
0.114333333	-0.001026545
0.1145	-0.001137477
0.114666667	0.004067835
0.114833333	-0.0038006
0.115	-0.001968466
0.115166667	0.001757851
0.115333333	0.000728069
0.1155	-0.004154128
0.115666667	-0.000188026
0.115833333	0.003286984
0.116	0.002994864
0.116166667	0.004798873
0.116333333	-0.001648651
0.1165	0.001798461
0.116666667	-0.001917586
0.116833333	0.000231254
0.117	-0.003272345
0.117166667	0.000570283
0.117333333	-0.000424524
0.1175	0.001292115
0.117666667	-0.003130681
0.117833333	0.00304879
0.118	0.000469618
0.118166667	-0.001295962
0.118333333	-0.002127261
0.1185	0.001977373
0.118666667	-0.000134975
0.118833333	-0.001481814
0.119	-0.00291882
0.119166667	0.001417581
0.119333333	0.000480906
0.1195	-0.001515206
0.119666667	0.002175868
0.119833333	0.003939525
0.12	0.00089115
0.120166667	-0.005651943
0.120333333	-0.001010211
0.1205	9.32899E-05
0.120666667	-0.002753991
0.120833333	0.002093487
0.121	0.000438952
0.121166667	-0.001918799
0.121333333	-0.000538518
0.1215	0.000635048
0.121666667	-0.000262665
0.121833333	-0.002220957
0.122	-0.004865161
0.122166667	-0.00203887
0.122333333	0.004576202
0.1225	-0.001532932
0.122666667	0.002032723
0.122833333	-5.5546E-05
0.123	-0.001600126
0.123166667	0.003558165
0.123333333	-0.002325482
0.1235	-0.001388366
0.123666667	-0.001424101
0.123833333	-0.004588704
0.124	-0.003532697
0.124166667	-0.002525515
0.124333333	-0.000799826
0.1245	-4.32105E-05
0.124666667	-0.00086594
0.124833333	-0.007682626
0.125	-0.004016696
0.125166667	-0.004027239
0.125333333	-0.004326738
0.1255	-0.005921406
0.125666667	-0.000969248
0.125833333	-0.002740523
0.126	0.002597979
0.126166667	-0.00409664
0.126333333	-0.005902345
0.1265	0.000335686
0.126666667	-0.002172497
0.126833333	-0.00338467
0.127	0.000620622
0.127166667	-0.001321613
0.127333333	-0.004484438
0.1275	-0.000678642
0.127666667	-0.000634913
0.127833333	-0.000178731
0.128	-0.002251549
0.128166667	-0.001775813
0.128333333	-0.000713263
0.1285	-0.006823344
0.128666667	0.000467919
0.128833333	-0.007064345
0.129	-0.005850238
0.129166667	-0.004377809
0.129333333	-0.00235216
0.1295	-0.003600164
0.129666667	-0.00395101
0.129833333	-0.005236424
0.13	-0.004151041
0.130166667	0.001603309
0.130333333	-0.006917903
0.1305	-0.006414696
0.130666667	-0.001497112
0.130833333	-0.005702058
0.131	-0.000461274
0.131166667	-0.00587068
0.131333333	-0.004276577
0.1315	-0.003467477
0.131666667	-0.002325106
0.131833333	-0.004952366
0.132	-0.003012509
0.132166667	-0.000149245
0.132333333	-0.00233178
0.1325	0.001526094
0.132666667	-0.006901109
0.132833333	-0.003672896
0.133	-0.007534213
0.133166667	-0.004883881
0.133333333	-0.004986019
0.1335	-0.003428762
0.133666667	-0.00693047
0.133833333	-0.007591887
0.134	-0.002243024
0.134166667	-0.002291347
0.134333333	-0.002551301
0.1345	-0.001942328
0.134666667	-0.005998849
0.134833333	-0.00452759
0.135	-0.00803554
0.135166667	-0.001998615
0.135333333	-0.001212886
0.1355	-0.006903417
0.135666667	-0.000220183
0.135833333	-0.002605146
0.136	-0.001536721
0.136166667	-0.005924994
0.136333333	-8.26351E-05
0.1365	-0.006131138
0.136666667	-0.005322576
0.136833333	-0.002126095
0.137	-0.003409214
0.137166667	-0.002934304
0.137333333	0.000620536
0.1375	0.001924456
0.137666667	-0.006963611
0.137833333	-0.006036101
0.138	-0.00266984
0.138166667	-0.003619742
0.138333333	-0.006233351
0.1385	-0.006247387
0.138666667	-0.00245677
0.138833333	-0.001898017
0.139	-0.001742653
0.139166667	-0.002864729
0.139333333	0.000940116
0.1395	-0.003981172
0.139666667	-0.003387148
0.139833333	-0.003264492
0.14	-0.00564246
0.140166667	-0.000368977
0.140333333	-0.002839868
0.1405	-0.007382347
0.140666667	-0.005221709
0.140833333	-0.002813075
0.141	-0.002754485
0.141166667	-0.004690482
0.141333333	-0.000865122
0.1415	-0.000500373
0.141666667	-0.00245677
0.141833333	-0.008859308
0.142	-0.005726003
0.142166667	-0.00195794
0.142333333	-0.007367818
0.1425	-0.003834683
0.142666667	-0.005580322
0.142833333	-0.005167412
0.143	-0.004840173
0.143166667	-0.005243874
0.143333333	-0.003571763
0.1435	0.002099216
0.143666667	0.004015811
0.143833333	-0.003121372
0.144	-0.002560345
0.144166667	-0.005493616
0.144333333	-0.005947767
0.1445	-0.001635016
0.144666667	-0.00381994
0.144833333	-0.00558325
0.145	0.000708355
0.145166667	0.002343983
0.145333333	-0.001438737
0.1455	-0.003880376
0.145666667	-0.00067832
0.145833333	0.001173262
0.146	-0.00232166
0.146166667	0.000105811
0.146333333	0.001036758
0.1465	-0.002271636
0.146666667	0.001636323
0.146833333	0.001008903
0.147	-0.005213878
0.147166667	0.002612473
0.147333333	0.003436141
0.1475	0.000233844
0.147666667	-0.000918863
0.147833333	0.000586204
0.148	0.000336108
0.148166667	-0.007577562
0.148333333	-0.002478014
0.1485	-0.002917113
0.148666667	-0.000332037
0.148833333	0.005286679
0.149	-0.001484131
0.149166667	0.002353023
0.149333333	0.002940095
0.1495	7.79567E-05
0.149666667	0.004342134
0.149833333	-2.05832E-05
0.15	0.000947058
0.150166667	0.002859262
0.150333333	0.005380564
0.1505	0.003883505
0.150666667	0.002343279
0.150833333	0.001397049
0.151	0.000304463
0.151166667	0.003012928
0.151333333	0.001445048
0.1515	0.001732299
0.151666667	0.005810413
0.151833333	0.007028555
0.152	1.57385E-05
0.152166667	0.008914469
0.152333333	0.003405947
0.1525	0.009783516
0.152666667	-0.000126226
0.152833333	0.005508388
0.153	0.006419971
0.153166667	0.003211494
0.153333333	0.012377493
0.1535	0.009544315
0.153666667	0.011332903
0.153833333	0.009479697
0.154	0.008403607
0.154166667	0.012437357
0.154333333	0.014353805
0.1545	0.011825117
0.154666667	0.004260817
0.154833333	0.010096803
0.155	0.009766503
0.155166667	0.012259556
0.155333333	0.012188652
0.1555	0.014130698
0.155666667	0.01760454
0.155833333	0.008089886
0.156	0.01447896
0.156166667	0.008955853
0.156333333	0.008891213
0.1565	0.016153886
0.156666667	0.01201077
0.156833333	0.017542218
0.157	0.012860395
0.157166667	0.009925211
0.157333333	0.015591938
0.1575	0.012057343
0.157666667	0.01113135
0.157833333	0.023029242
0.158	0.020987894
0.158166667	0.016059423
0.158333333	0.018376457
0.1585	0.014429787
0.158666667	0.018972611
0.158833333	0.022020377
0.159	0.016096318
0.159166667	0.025703629
0.159333333	0.022223471
0.1595	0.02146339
0.159666667	0.024067522
0.159833333	0.028495904
0.16	0.019689464
0.160166667	0.032448362
0.160333333	0.020397898
0.1605	0.028592677
0.160666667	0.022347265
0.160833333	0.029846808
0.161	0.032125543
0.161166667	0.023232828
0.161333333	0.028275984
0.1615	0.025251815
0.161666667	0.029601956
0.161833333	0.02781411
0.162	0.037534412
0.162166667	0.027799108
0.162333333	0.040016308
0.1625	0.032093029
0.162666667	0.035184905
0.162833333	0.03517342
0.163	0.033396136
0.163166667	0.038952145
0.163333333	0.037523681
0.1635	0.039906478
0.163666667	0.037845134
0.163833333	0.037285851
0.164	0.045535789
0.164166667	0.044789992
0.164333333	0.035520372
0.1645	0.044665847
0.164666667	0.045246968
0.164833333	0.052987866
0.165	0.04870273
0.165166667	0.045660182
0.165333333	0.04048719
0.1655	0.049857886
0.165666667	0.045320303
0.165833333	0.047420743
0.166	0.05154017
0.166166667	0.05188505
0.166333333	0.050396284
0.1665	0.048470576
0.166666667	0.049741674
0.166833333	0.048597609
0.167	0.054289233
0.167166667	0.056654105
0.167333333	0.064037988
0.1675	0.056823834
0.167666667	0.057094465
0.167833333	0.068903897
0.168	0.061128295
0.168166667	0.06320796
0.168333333	0.066580408
0.1685	0.069570816
0.168666667	0.071974929
0.168833333	0.074228917
0.169	0.07036018
0.169166667	0.076279515
0.169333333	0.078506331
0.1695	0.06975602
0.169666667	0.084474968
0.169833333	0.071041358
0.17	0.076856297
0.170166667	0.080584904
0.170333333	0.076040398
0.1705	0.077037515
0.170666667	0.082183945
0.170833333	0.086906577
0.171	0.07909905
0.171166667	0.088190424
0.171333333	0.080453899
0.1715	0.089303476
0.171666667	0.086179792
0.171833333	0.089664169
0.172	0.098250329
0.172166667	0.100701552
0.172333333	0.096983694
0.1725	0.100112496
0.172666667	0.104795365
0.172833333	0.097997027
0.173	0.100770686
0.173166667	0.101412005
0.173333333	0.096291755
0.1735	0.113521733
0.173666667	0.11063726
0.173833333	0.110112021
0.174	0.11107491
0.174166667	0.113192801
0.174333333	0.115312778
0.1745	0.111893231
0.174666667	0.119127588
0.174833333	0.125471531
0.175	0.109640523
0.175166667	0.126581545
0.175333333	0.123728185
0.1755	0.125959928
0.175666667	0.129891427
0.175833333	0.125176471
0.176	0.133870524
0.176166667	0.134240109
0.176333333	0.133086946
0.1765	0.128516457
0.176666667	0.143907624
0.176833333	0.147374783
0.177	0.14519883
0.177166667	0.154393757
0.177333333	0.157769298
0.1775	0.141239928
0.177666667	0.141303892
0.177833333	0.144808723
0.178	0.169261338
0.178166667	0.16346245
0.178333333	0.168539417
0.1785	0.160742199
0.178666667	0.161889908
0.178833333	0.154875412
0.179	0.173687902
0.179166667	0.175277986
0.179333333	0.172230256
0.1795	0.171208494
0.179666667	0.186066043
0.179833333	0.175906528
0.18	0.181867264
0.180166667	0.185277684
0.180333333	0.181151868
0.1805	0.191757394
0.180666667	0.175339922
0.180833333	0.203333221
0.181	0.200630258
0.181166667	0.201716732
0.181333333	0.201197203
0.1815	0.208094781
0.181666667	0.212565321
0.181833333	0.215734994
0.182	0.216275104
0.182166667	0.222111158
0.182333333	0.222109653
0.1825	0.221863131
0.182666667	0.219418971
0.182833333	0.236488464
0.183	0.244594776
0.183166667	0.238910609
0.183333333	0.24015556
0.1835	0.237278356
0.183666667	0.239347302
0.183833333	0.248235678
0.184	0.246633583
0.184166667	0.254296444
0.184333333	0.254132927
0.1845	0.24754141
0.184666667	0.275803666
0.184833333	0.250220792
0.185	0.277315732
0.185166667	0.271613975
0.185333333	0.274938826
0.1855	0.276135832
0.185666667	0.291077691
0.185833333	0.278176504
0.186	0.282003013
0.186166667	0.289443699
0.186333333	0.299660592
0.1865	0.301705459
0.186666667	0.300140828
0.186833333	0.310054024
0.187	0.318718053
0.187166667	0.3095558
0.187333333	0.309749056
0.1875	0.318836047
0.187666667	0.319371993
0.187833333	0.319695806
0.188	0.334844145
0.188166667	0.352906332
0.188333333	0.340163649
0.1885	0.343046079
0.188666667	0.348325983
0.188833333	0.356400721
0.189	0.353647028
0.189166667	0.35928221
0.189333333	0.3659501
0.1895	0.364559859
0.189666667	0.36727113
0.189833333	0.382987446
0.19	0.377168852
0.190166667	0.373724124
0.190333333	0.382975097
0.1905	0.38727898
0.190666667	0.394059539
0.190833333	0.393783303
0.191	0.399393067
0.191166667	0.399137008
0.191333333	0.399136833
0.1915	0.402264791
0.191666667	0.393429467
0.191833333	0.403654323
0.192	0.429462141
0.192166667	0.424402457
0.192333333	0.436123142
0.1925	0.425997676
0.192666667	0.438222752
0.192833333	0.434494353
0.193	0.447415721
0.193166667	0.430640895
0.193333333	0.433530127
0.1935	0.432061926
0.193666667	0.454913593
0.193833333	0.46336824
0.194	0.462217126
0.194166667	0.46055392
0.194333333	0.453795886
0.1945	0.470393178
0.194666667	0.463436396
0.194833333	0.464913045
0.195	0.4496663
0.195166667	0.489160289
0.195333333	0.48644141
0.1955	0.495137969
0.195666667	0.482509968
0.195833333	0.498289665
0.196	0.499770507
0.196166667	0.499218561
0.196333333	0.498073687
0.1965	0.498490821
0.196666667	0.50809417
0.196833333	0.495191875
0.197	0.507109013
